SM:2022-11-29T17:44:18.4049553Z
LM:2022-11-29T17:44:18.5815785Z
CT:image/png
MA:604800
CL:112638
