SM:2022-11-23T22:39:47.7682912Z
LM:2022-11-23T22:39:48.6421468Z
CT:image/jpeg
MA:604800
CL:96493
