SM:2022-12-06T19:31:00.7804349Z
LM:2022-12-06T19:31:01.4428611Z
CT:image/png
MA:604800
CL:108433
