SM:2022-12-06T19:32:16.0042411Z
LM:2022-12-06T19:32:16.3001752Z
CT:image/png
MA:604800
CL:721836
