SM:2022-11-25T17:21:34.7802178Z
LM:2022-11-29T17:20:07.3687814Z
CT:image/jpeg
MA:604800
CL:142829
