SM:2022-11-25T18:24:40.8140785Z
LM:2022-11-25T18:24:41.8192106Z
CT:image/png
MA:604800
CL:479302
