SM:2022-12-06T19:35:32.2903571Z
LM:2022-12-06T19:35:47.6309649Z
CT:image/png
MA:604800
CL:152731
