SM:2022-11-23T22:39:58.6393061Z
LM:2022-11-23T22:43:27.4327910Z
CT:image/png
MA:604800
CL:419701
