SM:2022-11-29T17:44:18.4049553Z
LM:2022-11-29T17:49:24.0548675Z
CT:image/png
MA:604800
CL:113221
