SM:2022-11-25T17:21:34.7802178Z
LM:2022-11-25T17:21:35.1983609Z
CT:image/jpeg
MA:604800
CL:142648
