SM:2022-12-06T19:32:16.0042411Z
LM:2022-12-06T19:35:47.7152524Z
CT:image/png
MA:604800
CL:720726
