SM:2022-11-23T22:39:47.7682912Z
LM:2022-11-23T22:43:27.0483274Z
CT:image/jpeg
MA:604800
CL:96352
