SM:2022-11-25T18:24:40.8140785Z
LM:2022-11-29T17:20:07.5920151Z
CT:image/png
MA:604800
CL:480695
